45 105 14
46 104 13
47 103 13
48 102 13
48 101 12
49 100 12
50 99 11
51 98 11
52 97 11
53 96 12
54 95 11
53 94 10
53 93 10
54 92 10
55 91 10
54 90 10
53 89 9
52 88 9
51 87 8
50 87 7
49 88 7
48 89 7
47 90 7
46 90 6
45 89 5
44 88 4
43 89 5
42 89 5
41 88 5
40 87 5
39 86 4
38 87 4
37 86 4
36 85 3
35 84 2
34 83 2
33 82 2
32 81 2
31 80 2
30 80 2
29 79 2
28 78 2
27 77 2
26 76 2
25 75 2
24 74 2
24 73 3
23 72 2
22 71 3
21 70 3
20 69 4
19 68 5
18 67 6
18 66 6
17 65 7
16 64 8
15 63 9
14 62 10
14 61 10
13 60 9
12 59 9
13 58 10
13 57 11
13 56 12
14 55 13
13 54 12
12 53 12
13 52 13
12 51 13
11 50 14
10 49 15
9 48 14
8 47 13
7 46 14
7 45 14
8 44 15
8 43 14
9 42 15
10 41 15
11 40 16
12 39 17
13 38 18
14 37 19
15 36 20
14 35 21
13 34 20
12 33 21
12 32 22
11 31 23
10 30 24
10 30 25
9 29 26
8 29 27
7 28 28
6 28 29
5 27 28
4 26 28
3 27 29
2 26 29
1 27 30
1 26 31
1 27 32
2 26 33
2 25 34
2 24 35
1 23 36
2 23 37
3 22 38
4 21 39
4 20 40
5 21 41
4 20 42
5 20 43
6 20 44
5 20 45
6 21 46
6 22 47
5 22 48
4 21 49
3 20 48
2 20 48
1 21 47
0 21 47
0 0 0
